090090090090090090090090090090090090
090090090090090180090090090090090090
090090090090090090090090090090090090
090090090090090180090090090090090090
090090090090090090090090090090090090
090090090090090180090090090090090090
090090090090090090090090090090090090
090090090090090180090090090090090090
090090090090090090090090090090090090
090090090090090180090090090090090090
090090090090090090090090090090090090
090090090090090180090090090090090090
090090090090090090090090090090090090
090090090090090180090090090090090090
090090090090090090090090090090090090
090090090090090180090090090090090090
090090090090090090090090090090090090
090090090090090180090090090090090090
090090090090090090090090090090090090
090090090090090180090090090090090090
090090090090090090090090090090090090
090090090090090180090090090090090090
090090090090090090090090090090090090
090090090090090180090090090090090090
090090090090090090090090090090090090
090090090090090180090090090090090090
090090090090090090090090090090090090
090090090090090180090090090090090090
090090090090090090090090090090090090
090090090090090180090090090090090090
090090090090090090090090090090090090
090090090090090180090090090090090090
090090090090090090090090090090090090
